2.015010000000000000e+05
2.006140000000000000e+05
2.007770000000000000e+05
2.012690000000000000e+05
2.010820000000000000e+05
2.005980000000000000e+05
2.008630000000000000e+05
2.018240000000000000e+05
2.011720000000000000e+05
2.001510000000000000e+05
1.958490000000000000e+05
1.950170000000000000e+05
1.956960000000000000e+05
1.957980000000000000e+05
1.961920000000000000e+05
1.958660000000000000e+05
1.960620000000000000e+05
1.960070000000000000e+05
1.961610000000000000e+05
1.953990000000000000e+05
1.710670000000000000e+05
1.708260000000000000e+05
1.705830000000000000e+05
1.712400000000000000e+05
1.717490000000000000e+05
1.710210000000000000e+05
1.711940000000000000e+05
1.708030000000000000e+05
1.715020000000000000e+05
1.708520000000000000e+05
1.764900000000000000e+05
1.763200000000000000e+05
1.762120000000000000e+05
1.763930000000000000e+05
1.761360000000000000e+05
1.761550000000000000e+05
1.763760000000000000e+05
1.770020000000000000e+05
1.761790000000000000e+05
1.762670000000000000e+05
