1.594400000000000000e+04
1.590500000000000000e+04
1.602300000000000000e+04
1.586300000000000000e+04
1.525200000000000000e+04
1.491700000000000000e+04
1.430000000000000000e+04
1.387800000000000000e+04
1.373600000000000000e+04
1.351900000000000000e+04
1.298600000000000000e+04
1.285700000000000000e+04
1.291600000000000000e+04
1.273500000000000000e+04
1.257200000000000000e+04
1.237300000000000000e+04
1.230500000000000000e+04
1.210600000000000000e+04
1.206400000000000000e+04
1.199000000000000000e+04
1.192900000000000000e+04
1.197400000000000000e+04
1.206000000000000000e+04
1.221600000000000000e+04
1.208200000000000000e+04
1.228300000000000000e+04
1.261600000000000000e+04
1.259700000000000000e+04
1.278900000000000000e+04
1.317400000000000000e+04
1.365400000000000000e+04
1.409500000000000000e+04
1.416800000000000000e+04
1.451100000000000000e+04
1.512000000000000000e+04
1.531300000000000000e+04
1.555500000000000000e+04
1.567700000000000000e+04
1.594200000000000000e+04
1.646500000000000000e+04
1.654200000000000000e+04
1.715300000000000000e+04
1.704300000000000000e+04
1.719200000000000000e+04
1.749700000000000000e+04
1.738900000000000000e+04
1.762600000000000000e+04
1.760400000000000000e+04
1.778200000000000000e+04
1.744100000000000000e+04
1.755700000000000000e+04
1.729800000000000000e+04
1.753700000000000000e+04
1.735400000000000000e+04
1.712500000000000000e+04
1.701300000000000000e+04
1.634000000000000000e+04
1.668900000000000000e+04
1.612400000000000000e+04
1.572300000000000000e+04
1.531800000000000000e+04
1.512500000000000000e+04
1.497400000000000000e+04
1.470700000000000000e+04
1.425400000000000000e+04
1.391800000000000000e+04
1.351700000000000000e+04
1.343600000000000000e+04
1.328400000000000000e+04
1.276100000000000000e+04
1.270300000000000000e+04
1.204600000000000000e+04
1.249100000000000000e+04
1.207400000000000000e+04
1.211100000000000000e+04
1.192600000000000000e+04
1.179700000000000000e+04
1.180000000000000000e+04
1.179600000000000000e+04
1.243800000000000000e+04
1.231300000000000000e+04
1.241900000000000000e+04
1.247800000000000000e+04
1.267300000000000000e+04
1.304500000000000000e+04
1.335400000000000000e+04
1.360300000000000000e+04
1.360700000000000000e+04
1.413400000000000000e+04
1.439800000000000000e+04
1.489800000000000000e+04
1.513100000000000000e+04
1.531700000000000000e+04
1.549400000000000000e+04
1.591000000000000000e+04
1.660900000000000000e+04
1.644700000000000000e+04
1.676000000000000000e+04
1.697600000000000000e+04
1.727500000000000000e+04
1.741600000000000000e+04
1.752300000000000000e+04
1.738700000000000000e+04
1.799400000000000000e+04
1.782200000000000000e+04
1.780300000000000000e+04
1.756800000000000000e+04
1.778800000000000000e+04
1.759000000000000000e+04
1.731500000000000000e+04
1.718300000000000000e+04
1.680400000000000000e+04
1.691500000000000000e+04
1.636700000000000000e+04
1.607400000000000000e+04
1.591300000000000000e+04
1.537400000000000000e+04
1.565300000000000000e+04
1.493900000000000000e+04
1.445800000000000000e+04
1.412400000000000000e+04
1.393000000000000000e+04
1.388900000000000000e+04
1.357800000000000000e+04
1.299500000000000000e+04
1.293800000000000000e+04
1.243100000000000000e+04
1.242700000000000000e+04
1.232100000000000000e+04
