1.641556925005239827e+04
1.613981485600835003e+04
1.584758973088178391e+04
1.554249011731328210e+04
1.522827069669605771e+04
1.490879838252166701e+04
1.458800473255134966e+04
1.426983756544837888e+04
1.395821237729706809e+04
1.365696415589671778e+04
1.336980018582366938e+04
1.310025442506175023e+04
1.285164401466110576e+04
1.262702845663543121e+04
1.242917196247119500e+04
1.226050943560362794e+04
1.212311650649307194e+04
1.201868398906241782e+04
1.194849707284519536e+04
1.191341950691432430e+04
1.191388297023058476e+04
1.194988175922369192e+04
1.202097285798277881e+04
1.212628139019249284e+04
1.226451138572095260e+04
1.243396172936147195e+04
1.263254709545631886e+04
1.285782361077235510e+04
1.310701892981070705e+04
1.337706635243129313e+04
1.366464256392670904e+04
1.396620853310053826e+04
1.427805306504158943e+04
1.459633847261562551e+04
1.491714780462243652e+04
1.523653304940915950e+04
1.555056372072626618e+04
1.585537522790875664e+04
1.614721643511916773e+04
1.642249582436876517e+04
1.667782569421584776e+04
1.691006385021371534e+04
1.711635227404854231e+04
1.729415229548883508e+04
1.744127583430595405e+04
1.755591232768981354e+04
1.763665101177985707e+04
1.768249828310566591e+04
1.769288992628012784e+04
1.766769805746617567e+04
1.760723269816789980e+04
1.751223795997834895e+04
1.738388288723606092e+04
1.722374707028437842e+04
1.703380120638267181e+04
1.681638284749493323e+04
1.657416763341339174e+04
1.631013636423420394e+04
1.602753831740489295e+04
1.572985126077896348e+04
1.542073865377362381e+04
1.510400456333066541e+04
1.478354684950330557e+04
1.446330919678641294e+04
1.414723258151226037e+04
1.383920677257409261e+04
1.354302246232947437e+04
1.326232461678025538e+04
1.300056761912105867e+04
1.276097275867821554e+04
1.254648858839772947e+04
1.235975463873941226e+04
1.220306893452887016e+04
1.207835971451835576e+04
1.198716170168722238e+04
1.193059721630939930e+04
1.190936236421825743e+04
1.192371847024177987e+04
1.197348886223169939e+04
1.205806104526364652e+04
1.217639423925173833e+04
1.232703218721658959e+04
1.250812107658295645e+04
1.271743235296013154e+04
1.295239014564933677e+04
1.321010296736848613e+04
1.348739929808455236e+04
1.378086661504417680e+04
1.408689338868291088e+04
1.440171352759420006e+04
1.472145272559996010e+04
1.504217614055669401e+04
1.535993681814211050e+04
1.567082426469917482e+04
1.597101257138022629e+04
1.625680749735561039e+04
1.652469193266153161e+04
1.677136918120253176e+04
1.699380353125027250e+04
1.718925761416121895e+04
1.735532609156162289e+04
1.748996525643133646e+04
1.759151818380338955e+04
1.765873512156447032e+04
1.769078887041868438e+04
1.768728496374249880e+04
1.764826652205333085e+04
1.757421372235071249e+04
1.746603788886055190e+04
1.732507027790418215e+04
1.715304569491027360e+04
1.695208114518534421e+04
1.672464978117531791e+04
1.647355046683381443e+04
1.620187333365061750e+04
1.591296175222194142e+04
1.561037118735610238e+04
1.529782544306049022e+04
1.497917083587714842e+04
1.465832886052859067e+04
1.433924793039007636e+04
1.402585478668985343e+04
1.372200617441571558e+04
1.343144137962416426e+04
1.315773621224745511e+04
1.290425900070513308e+04
1.267412913986842796e+04
1.247017870250334272e+04
1.229491758661779932e+04
