1.023100000000000000e+04
1.030600000000000000e+04
1.032700000000000000e+04
1.031400000000000000e+04
1.047100000000000000e+04
1.105500000000000000e+04
1.106700000000000000e+04
1.119900000000000000e+04
1.141200000000000000e+04
1.147900000000000000e+04
1.157200000000000000e+04
1.173800000000000000e+04
1.182200000000000000e+04
1.167900000000000000e+04
1.164400000000000000e+04
1.154500000000000000e+04
1.137700000000000000e+04
1.105700000000000000e+04
1.101000000000000000e+04
1.056800000000000000e+04
1.057700000000000000e+04
1.048700000000000000e+04
1.019800000000000000e+04
1.026000000000000000e+04
1.011500000000000000e+04
1.013400000000000000e+04
1.006500000000000000e+04
1.037500000000000000e+04
1.045700000000000000e+04
1.046500000000000000e+04
1.071800000000000000e+04
1.081800000000000000e+04
1.086400000000000000e+04
1.120100000000000000e+04
1.120800000000000000e+04
1.156600000000000000e+04
1.136100000000000000e+04
1.142600000000000000e+04
1.168200000000000000e+04
1.145600000000000000e+04
1.160100000000000000e+04
1.138500000000000000e+04
1.138600000000000000e+04
1.117300000000000000e+04
1.099100000000000000e+04
1.112200000000000000e+04
1.092100000000000000e+04
1.069100000000000000e+04
1.058600000000000000e+04
1.075600000000000000e+04
1.048200000000000000e+04
1.051400000000000000e+04
1.063100000000000000e+04
1.065900000000000000e+04
1.066800000000000000e+04
1.084500000000000000e+04
1.080500000000000000e+04
1.088900000000000000e+04
1.092300000000000000e+04
1.101100000000000000e+04
1.109800000000000000e+04
1.112300000000000000e+04
1.106600000000000000e+04
1.116100000000000000e+04
1.130600000000000000e+04
1.115800000000000000e+04
1.121400000000000000e+04
1.125000000000000000e+04
1.109500000000000000e+04
1.107000000000000000e+04
1.121900000000000000e+04
1.092500000000000000e+04
1.076500000000000000e+04
1.084000000000000000e+04
1.087600000000000000e+04
1.082500000000000000e+04
1.073800000000000000e+04
1.062000000000000000e+04
1.087400000000000000e+04
1.080100000000000000e+04
1.097100000000000000e+04
1.070400000000000000e+04
1.100000000000000000e+04
1.078000000000000000e+04
1.086900000000000000e+04
1.094100000000000000e+04
1.091000000000000000e+04
1.093000000000000000e+04
1.089200000000000000e+04
1.091400000000000000e+04
1.105600000000000000e+04
1.103100000000000000e+04
1.102900000000000000e+04
1.105300000000000000e+04
1.106800000000000000e+04
1.110900000000000000e+04
1.095700000000000000e+04
1.105700000000000000e+04
1.112300000000000000e+04
1.093000000000000000e+04
1.099800000000000000e+04
1.081000000000000000e+04
1.085200000000000000e+04
1.094000000000000000e+04
1.074800000000000000e+04
1.087400000000000000e+04
1.078700000000000000e+04
1.070000000000000000e+04
1.069200000000000000e+04
1.086800000000000000e+04
1.077200000000000000e+04
1.067600000000000000e+04
1.066500000000000000e+04
1.076700000000000000e+04
1.089900000000000000e+04
1.098700000000000000e+04
1.098600000000000000e+04
1.108200000000000000e+04
1.101500000000000000e+04
1.116300000000000000e+04
1.132800000000000000e+04
1.112000000000000000e+04
1.124000000000000000e+04
1.105700000000000000e+04
1.120300000000000000e+04
1.096800000000000000e+04
1.113900000000000000e+04
1.089900000000000000e+04
1.087200000000000000e+04
1.075500000000000000e+04
1.081800000000000000e+04
1.064900000000000000e+04
1.041500000000000000e+04
1.043400000000000000e+04
1.024000000000000000e+04
1.032900000000000000e+04
1.050300000000000000e+04
1.061900000000000000e+04
1.042200000000000000e+04
1.070000000000000000e+04
1.057300000000000000e+04
1.078300000000000000e+04
1.106200000000000000e+04
1.120700000000000000e+04
1.107500000000000000e+04
1.130300000000000000e+04
1.134700000000000000e+04
1.139400000000000000e+04
1.137300000000000000e+04
1.140300000000000000e+04
1.117300000000000000e+04
1.108700000000000000e+04
1.095300000000000000e+04
1.109500000000000000e+04
1.067500000000000000e+04
1.062100000000000000e+04
1.043700000000000000e+04
1.043200000000000000e+04
1.029200000000000000e+04
1.013700000000000000e+04
1.038400000000000000e+04
1.028700000000000000e+04
1.016600000000000000e+04
1.033200000000000000e+04
1.034100000000000000e+04
1.059700000000000000e+04
1.056800000000000000e+04
1.099400000000000000e+04
1.085900000000000000e+04
1.126800000000000000e+04
1.125500000000000000e+04
1.137700000000000000e+04
1.157400000000000000e+04
1.157400000000000000e+04
1.143600000000000000e+04
1.176900000000000000e+04
1.118600000000000000e+04
1.132500000000000000e+04
1.120600000000000000e+04
1.084500000000000000e+04
1.084000000000000000e+04
1.057500000000000000e+04
1.053300000000000000e+04
1.032900000000000000e+04
1.011200000000000000e+04
9.932000000000000000e+03
1.013500000000000000e+04
9.876000000000000000e+03
1.008000000000000000e+04
1.039300000000000000e+04
1.011900000000000000e+04
1.048100000000000000e+04
1.053600000000000000e+04
1.070200000000000000e+04
1.083800000000000000e+04
1.083800000000000000e+04
1.108500000000000000e+04
1.119500000000000000e+04
1.149200000000000000e+04
1.149900000000000000e+04
