9.397000000000000000e+03
9.535000000000000000e+03
9.888000000000000000e+03
1.018500000000000000e+04
1.034100000000000000e+04
1.044000000000000000e+04
1.054800000000000000e+04
1.081100000000000000e+04
1.113900000000000000e+04
1.079900000000000000e+04
1.092500000000000000e+04
1.075200000000000000e+04
1.092900000000000000e+04
1.041600000000000000e+04
1.031500000000000000e+04
9.942000000000000000e+03
9.908000000000000000e+03
9.634000000000000000e+03
9.575000000000000000e+03
9.531000000000000000e+03
9.427000000000000000e+03
9.269000000000000000e+03
9.352000000000000000e+03
9.363000000000000000e+03
9.657000000000000000e+03
9.470000000000000000e+03
9.554000000000000000e+03
9.640000000000000000e+03
9.902000000000000000e+03
1.001500000000000000e+04
1.000700000000000000e+04
1.030100000000000000e+04
1.060600000000000000e+04
1.060000000000000000e+04
1.068900000000000000e+04
1.076300000000000000e+04
1.067400000000000000e+04
1.068400000000000000e+04
1.057500000000000000e+04
1.018500000000000000e+04
1.014600000000000000e+04
1.014700000000000000e+04
1.012700000000000000e+04
1.001500000000000000e+04
9.733000000000000000e+03
9.644000000000000000e+03
9.806000000000000000e+03
9.643000000000000000e+03
9.621000000000000000e+03
9.797000000000000000e+03
9.740000000000000000e+03
9.518000000000000000e+03
9.787000000000000000e+03
9.907000000000000000e+03
1.009200000000000000e+04
1.005100000000000000e+04
1.010800000000000000e+04
1.030800000000000000e+04
1.034200000000000000e+04
1.025100000000000000e+04
1.035500000000000000e+04
1.012600000000000000e+04
1.033300000000000000e+04
1.029100000000000000e+04
1.032400000000000000e+04
1.031300000000000000e+04
1.026200000000000000e+04
1.020700000000000000e+04
1.037200000000000000e+04
1.007800000000000000e+04
9.985000000000000000e+03
1.000900000000000000e+04
9.986000000000000000e+03
9.956000000000000000e+03
9.883000000000000000e+03
9.883000000000000000e+03
9.917000000000000000e+03
9.830000000000000000e+03
1.004800000000000000e+04
9.922000000000000000e+03
1.016600000000000000e+04
9.759000000000000000e+03
1.012900000000000000e+04
1.002600000000000000e+04
9.894000000000000000e+03
1.002300000000000000e+04
9.983000000000000000e+03
9.862000000000000000e+03
1.012500000000000000e+04
1.023700000000000000e+04
1.023100000000000000e+04
1.028500000000000000e+04
1.020400000000000000e+04
1.042400000000000000e+04
1.012300000000000000e+04
1.034600000000000000e+04
1.001700000000000000e+04
9.984000000000000000e+03
1.006300000000000000e+04
1.017300000000000000e+04
9.997000000000000000e+03
1.003000000000000000e+04
9.997000000000000000e+03
9.936000000000000000e+03
9.946000000000000000e+03
9.835000000000000000e+03
9.774000000000000000e+03
9.937000000000000000e+03
9.941000000000000000e+03
9.705000000000000000e+03
9.803000000000000000e+03
9.908000000000000000e+03
9.865000000000000000e+03
9.810000000000000000e+03
9.944000000000000000e+03
9.978000000000000000e+03
1.011500000000000000e+04
1.019700000000000000e+04
1.021500000000000000e+04
1.028600000000000000e+04
1.033100000000000000e+04
1.037500000000000000e+04
1.024300000000000000e+04
1.028600000000000000e+04
1.011900000000000000e+04
1.000000000000000000e+04
9.882000000000000000e+03
9.682000000000000000e+03
9.842000000000000000e+03
9.651000000000000000e+03
9.478000000000000000e+03
9.452000000000000000e+03
9.814000000000000000e+03
9.551000000000000000e+03
9.577000000000000000e+03
9.708000000000000000e+03
9.994000000000000000e+03
9.857000000000000000e+03
1.000000000000000000e+04
9.906000000000000000e+03
1.032700000000000000e+04
1.026700000000000000e+04
1.040400000000000000e+04
1.043800000000000000e+04
1.057600000000000000e+04
1.042500000000000000e+04
1.061200000000000000e+04
1.071300000000000000e+04
1.028000000000000000e+04
1.039000000000000000e+04
1.016400000000000000e+04
9.904000000000000000e+03
9.749000000000000000e+03
9.440000000000000000e+03
9.706000000000000000e+03
9.434000000000000000e+03
9.206000000000000000e+03
9.312000000000000000e+03
9.351000000000000000e+03
9.247000000000000000e+03
9.405000000000000000e+03
9.581000000000000000e+03
9.427000000000000000e+03
9.719000000000000000e+03
9.879000000000000000e+03
1.001100000000000000e+04
1.018500000000000000e+04
1.040200000000000000e+04
1.057400000000000000e+04
1.047100000000000000e+04
1.068400000000000000e+04
1.065200000000000000e+04
1.066000000000000000e+04
1.064600000000000000e+04
1.050500000000000000e+04
1.026300000000000000e+04
1.015600000000000000e+04
1.010300000000000000e+04
9.893000000000000000e+03
9.582000000000000000e+03
9.383000000000000000e+03
9.421000000000000000e+03
9.262000000000000000e+03
9.162000000000000000e+03
9.352000000000000000e+03
9.150000000000000000e+03
9.274000000000000000e+03
9.375000000000000000e+03
9.451000000000000000e+03
9.775000000000000000e+03
1.005700000000000000e+04
9.838000000000000000e+03
1.020400000000000000e+04
1.033500000000000000e+04
1.040100000000000000e+04
1.042400000000000000e+04
1.069300000000000000e+04
1.057700000000000000e+04
1.050400000000000000e+04
1.056500000000000000e+04
