1.200000000000000000e+01
3.700000000000000000e+01
6.200000000000000000e+01
8.700000000000000000e+01
1.120000000000000000e+02
1.370000000000000000e+02
1.620000000000000000e+02
1.870000000000000000e+02
2.120000000000000000e+02
2.370000000000000000e+02
2.620000000000000000e+02
2.870000000000000000e+02
3.120000000000000000e+02
3.370000000000000000e+02
3.620000000000000000e+02
3.870000000000000000e+02
4.120000000000000000e+02
4.370000000000000000e+02
4.620000000000000000e+02
4.870000000000000000e+02
5.120000000000000000e+02
5.370000000000000000e+02
5.620000000000000000e+02
5.870000000000000000e+02
6.120000000000000000e+02
6.370000000000000000e+02
6.620000000000000000e+02
6.870000000000000000e+02
7.120000000000000000e+02
7.370000000000000000e+02
7.620000000000000000e+02
7.870000000000000000e+02
8.120000000000000000e+02
8.370000000000000000e+02
8.620000000000000000e+02
8.870000000000000000e+02
9.120000000000000000e+02
9.370000000000000000e+02
9.620000000000000000e+02
9.870000000000000000e+02
1.012000000000000000e+03
1.037000000000000000e+03
1.062000000000000000e+03
1.087000000000000000e+03
1.112000000000000000e+03
1.137000000000000000e+03
1.162000000000000000e+03
1.187000000000000000e+03
1.212000000000000000e+03
1.237000000000000000e+03
1.262000000000000000e+03
1.287000000000000000e+03
1.312000000000000000e+03
1.337000000000000000e+03
1.362000000000000000e+03
1.387000000000000000e+03
1.412000000000000000e+03
1.437000000000000000e+03
1.462000000000000000e+03
1.487000000000000000e+03
1.512000000000000000e+03
1.537000000000000000e+03
1.562000000000000000e+03
1.587000000000000000e+03
1.612000000000000000e+03
1.637000000000000000e+03
1.662000000000000000e+03
1.687000000000000000e+03
1.712000000000000000e+03
1.737000000000000000e+03
1.762000000000000000e+03
1.787000000000000000e+03
1.812000000000000000e+03
1.837000000000000000e+03
1.862000000000000000e+03
1.887000000000000000e+03
1.912000000000000000e+03
1.937000000000000000e+03
1.962000000000000000e+03
1.987000000000000000e+03
2.012000000000000000e+03
2.037000000000000000e+03
2.062000000000000000e+03
2.087000000000000000e+03
2.112000000000000000e+03
2.137000000000000000e+03
2.162000000000000000e+03
2.187000000000000000e+03
2.212000000000000000e+03
2.237000000000000000e+03
2.262000000000000000e+03
2.287000000000000000e+03
2.312000000000000000e+03
2.337000000000000000e+03
2.362000000000000000e+03
2.387000000000000000e+03
2.412000000000000000e+03
2.437000000000000000e+03
2.462000000000000000e+03
2.487000000000000000e+03
2.512000000000000000e+03
2.537000000000000000e+03
2.562000000000000000e+03
2.587000000000000000e+03
2.612000000000000000e+03
2.637000000000000000e+03
2.662000000000000000e+03
2.687000000000000000e+03
2.712000000000000000e+03
2.737000000000000000e+03
2.762000000000000000e+03
2.787000000000000000e+03
2.812000000000000000e+03
2.837000000000000000e+03
2.862000000000000000e+03
2.887000000000000000e+03
2.912000000000000000e+03
2.937000000000000000e+03
2.962000000000000000e+03
2.987000000000000000e+03
3.012000000000000000e+03
3.037000000000000000e+03
3.062000000000000000e+03
3.087000000000000000e+03
3.112000000000000000e+03
3.137000000000000000e+03
3.162000000000000000e+03
3.187000000000000000e+03
3.212000000000000000e+03
3.237000000000000000e+03
3.262000000000000000e+03
3.287000000000000000e+03
3.312000000000000000e+03
3.337000000000000000e+03
3.362000000000000000e+03
3.387000000000000000e+03
3.412000000000000000e+03
3.437000000000000000e+03
3.462000000000000000e+03
3.487000000000000000e+03
3.512000000000000000e+03
3.537000000000000000e+03
3.562000000000000000e+03
3.587000000000000000e+03
3.612000000000000000e+03
3.637000000000000000e+03
3.662000000000000000e+03
3.687000000000000000e+03
3.712000000000000000e+03
3.737000000000000000e+03
3.762000000000000000e+03
3.787000000000000000e+03
3.812000000000000000e+03
3.837000000000000000e+03
3.862000000000000000e+03
3.887000000000000000e+03
3.912000000000000000e+03
3.937000000000000000e+03
3.962000000000000000e+03
3.987000000000000000e+03
4.012000000000000000e+03
4.037000000000000000e+03
4.062000000000000000e+03
4.087000000000000000e+03
4.112000000000000000e+03
4.137000000000000000e+03
4.162000000000000000e+03
4.187000000000000000e+03
4.212000000000000000e+03
4.237000000000000000e+03
4.262000000000000000e+03
4.287000000000000000e+03
4.312000000000000000e+03
4.337000000000000000e+03
4.362000000000000000e+03
4.387000000000000000e+03
4.412000000000000000e+03
4.437000000000000000e+03
4.462000000000000000e+03
4.487000000000000000e+03
4.512000000000000000e+03
4.537000000000000000e+03
4.562000000000000000e+03
4.587000000000000000e+03
4.612000000000000000e+03
4.637000000000000000e+03
4.662000000000000000e+03
4.687000000000000000e+03
4.712000000000000000e+03
4.737000000000000000e+03
4.762000000000000000e+03
4.787000000000000000e+03
4.812000000000000000e+03
4.837000000000000000e+03
4.862000000000000000e+03
4.887000000000000000e+03
4.912000000000000000e+03
4.937000000000000000e+03
4.962000000000000000e+03
4.987000000000000000e+03
